' 80013111601601 087, 06.
’ζαθσιλογράφιον 405, 08. 460,

8 866719030198, 05.
8130010010 360, 6.
* 810116910175, 03. 195, 04. 070,
06. 070, 06. 465, 04681, 06.
· 68584883 {34³ ²³·
* 814601 590, 06.
* 4330140140, 08. 99, 07. 114, 07.
109, 07. 158, 05. 674, 05.
*6076711801 107, 04.
ξοοσ’χηίαωνο43635085 495 30
7111, ,1- ’ ·
81111111 188·
1 1 ·
ἱ Ι
*5555551515103056410, 10,
ἶ geon? Β47111951066449308.
ροχη ,0. , o.
e .
15333355, ’.3. 01, 1..
11011.111.1·,...«
* fflvtarsar 660, 05. 778, 05.
⁴¹ 8116601910 091, 15.
1 gatlossdgggozssfim 04.

,1 *1660110186 30. 781, 00.

70101 61 763, 5.

* 7096716901 804, 00.

* 76019110 01167 060, 05.

8 713010011161 410, 04.

x '¹ 71μ6111 149, 05.

⁴¹ 7114113 711104 049, 04. 369, 04.
6567055ρὲ595ἷί 5750813ῗέ15ῗὲ

t 914441ρὲ ἑέἒιῖῗέιχείρων Ι0113 χει·

1158555850441560,08- w

ἴξὲἔῖιῖιῖἷ wlff, 0οῙ 114,
0

’ 7361101680μο1 658, 06.

‘¹ 7301006110700 557, 05.

· 7131103001 445, 00. 657, 05.
7801006671 350, 07.

¹ 7091610 101, 07. ”

⁴* 7610101088, 04.

' 70111161 794, 05.

' 70070010161610101 230, 05

* 7069700901606, 04.

* 70811144111790, 08.

* 710101169101 591, 04.

* 7110111611901 386, 06.

55ῑί55953 338 ³·

11555131·

* 7111164111 650, 06.

60160310141404, 1.

6017101631711101 485, 11.

61141101οί671 079, 11.

6011911μο 500, 6

Mwwmff

6313101811 103, 09. 103, 08 198,
2 1

¹ 66001μο 666, 09.

6111861 734, 08.

6188016901 791, 00.

6113111011 508, 3.

6111601910 59, 15.

* 61841101 77, 04.

618100190911147, 3. 454, 00.

5³3533532323⁰3375 11. -

⁶ 67μο719116111 560, 04.

67μο1196837101 744, 00.

67μο010161 586, 05.

6104308161 645, 03.

6107110116000801806, 5.

61060901109101003, 15.

6106011161 579, 4.

61017016111 141, 18.

61011796111710 110, 11. 007, 4.

61016111011 404, 17. 67818

6108361109 514, 5.

61071716111018, 5. 310, 03. 301.
06508, 1.

610710096001715. 9

61οξ1491ομ04 839, 03.

6109911061 89 ,· 03. 313, fi
805, 9

61119161 160, 0.

6100156101 6161 ²6·

61001160011061 400, 6.

6109090711111301, 10.

' 61863101 539, 03.

61110060801348, 8·

61611411 311, 6.

6111100061 347, 00.

6111μο944111 563, 00.

 

