 

fflfflfflss

11 · 7151545155 59155 579, 54.
.. ‘termimum 598‚9.
ι. 7111955515 715, 15.

7111915511155 415, 54. 416, 55.
717915615575 751, 15.

2 7171951571135 586, 55.

⁶ 715715 597, 56.

“ 7519531155 45,55. 75,11. 335, 4.
1 · 7153171755 785, 54.

’ · μίλιον 535, 57. 616, 56.

, · 7151515 554, 58. 761, 55.

, 715γῆ711115 458, 15.

715558151511155 419, 9.

· 715551595155 454, 55.

· 715577955715151 387, 58.
411531111115·

Ἀ ⁶ 71555157 573, 56.
, 955914559555 745, 53.
,³ ¹ 7915559155 551, 4.

· 71555555νέ5 455, 57.

- 711915χῶ5553, 14.
’ 715975715569155155577, 13.

⁶ 7111955555 557, 58.
⁶ μ151791515651665, 54.

² 515515159155 576, 14.

⁶ 515 11717951 677, 55.
noy 71915155 556, 55.

, 555755115155 559, 3.
’51955 666, 35.

5551591515 771, 5.
¹ 81511155 i. q. ’.59581155 546,

· {imm 398, 55518, 56. 711,

ἑ 3335353533.

⁶ 4555195155 365, 19.

⁶ 3111579555 631, 54.

' 5195115157155 545, 56.

:W 15 5117111135 135, 55.

· gfflfl‘gfflffiff’ssf'
’45351551955 85, 56. 174, 57,
⁶ 55551858511555 835, 55,

” inhumecta 674, 55.

” ' 518061151155656, 56.

* 0378856515 781, 55.
· 55551115 413. 26.
⁶ 57755111] 743, 54.

’ 1’57555545 ²7·

55511515 656, 5.

⁶ 5511159515 775, 54.

⁶ 5115115515 353, 54.

6588988145 751, 56,

ὒλόμωρος 555, 54.

5555195771855 154, 55.

57157515175 855, 17.

5μ5115511 13, 6. 345, 8.

⁶ 5715911755 589, 55.

557555 781, 4. ,

5557155149555 5411595 555, 15.

5975513575 835, 9.

1195151515. 5915355 518, 53. 651,

, , 11.

858 515191. q. 535 58, 9. 5916.
63, 7. 63, 15. 79, 13. 87, 9.

5511751155 759, 53.

· 51145155 95, 53. 394, 58 655,
54. 666, 58.

5599155155 557, 15

6115153555 655, 3. πλείστης 611
9155155155 45, 5, 45, 55. 47,

⁶ 6931551855 553, 58. 113, 57. 114,
5.

0135559775 133, 58

0555119χ55 551, 5.

51717715 516, 15.

59955155 578, 55. 745, 57.

59951155 675, 58.

ὀχλαρχικός 7555

⁶ 595915 57915115 495, 53. 737,

5 .
51711515 515, 59 538, ¹7·
11571515753115155 316, 14.
1111716έῖ5155 736, 55.
1584555151436, 55.
⁶ 1517555155 597, 55.
⁶ 15155915759115 578, 54.
1151515759155 578, 8.
⁶ 15555555555 639, 56. 667, 55.

736, 59.
¹ 51515951 568, 4.
⁶ 1151115115 574, 56. 584, 56.
⁶ 11151155 838, 55.
⁶ 1515155115 455, 57.
1115551555 315, 55.

1534115515 849, 18.
nazar 1153115 5 553, 18. 115151

15 5111515158115 38, 1.
51551559597515 595, 13.

“ 5181711785, 53.
1571915155 531, 17.

 

 

