μεταμάρφωμα 683, 06.

7 711111411ιό1 139101 579 04.
permutatum: 598‚9.
7111910011710, 10.
7111010011161410, 04. 416, 05.
7117911615671701, 10.
7171901ομ31 086, 00.

· 71171ςο9706.
1019010010 40, 00. 70, 11. 335, 4.
· 711517701785, 04.

· 7113101 535, 07. 616, 06.
· μ51111 054, 08. 761, 00.
1107471010 458, 10.
71010616011001 419, 9.

· μο1011596101 454, 05.

· 7101779100010387, 08.
· 71015311 387, 05. 604, 07.
'¹ povldqwr 445, 30.

ί ⁹ ,ι
μῖἶρῖἷῖἷῖνῗὸῗῆῗ. 0.

“ 1100001541101551, 4.
’11111111 ²⁷·
ἕυρμῃξιάνθρωῖιος 577, 13.
'¹ 7109016411 507, 03.
ἐμυσέἕρεύξσθὲιιδθὸιοὲ 04.
ἷῖἴὲ afflat 67⁷7: 2ss

:5:355231323130·

’11915νῶ830.
1111τέ91011 771, 5.
'¹ 48100101 i. q· ’Apaflmdc 046,

‘ 14τὲ1φέ101 59600. 513, 06. 711,
0

1111117110441, 3.
1111111

· {adzone 631, ’049

· 47900310901 041, 06.

' 411717 16 01711151 130, 05.
⁴' 111οΜ701674, 14.

· 41161001 316, 03.

· 4113100190 80, 06. 174, 07.
* 434466101101 831100.
11111111
’6470119ίῖ1111 781, 00.ο

· 57709111 433, 06.
8118211111·

04611011 606, 0.

· 01110111ρὶ0 775, 04.

' 6110116611 303, 04.

6308910141 701, 06.

6567101901· 500, 04.

6100195700.ος 104, 05.

6707115171 8011, 17.

1111111· 1εὴ

1317661 781, 4. 9, ,

610900149101 40490 000, 10.

6971314571 830, 9.

6911111011. 5910101 518, 03. 601,
ι 7 u·

5114114119ῗί. q. 151 58, 95916.
63, 7. 63, 15. 79, 13. 87, 9.

6001711151 709, 03.

· 6111141101 91, 03. 394, 08. 601,
04. 666, 08.

6017966101507, 15.

5111101161 655, 3. 1111411171 611
φιλοκαλίας 40, 0, 45, 00. 47,

⁸ ggezz'r'ot' ί103, 08. 113, 07. 114,
0.

0611159771 133,18.

0011007111 001, 5.

01317μο 016, 15.

139ρύ6101 578, 05. 740, 07.

691φί11101 675, 06.

Ξχόξιῖρχιιέόὲῐγῖρέἐῖἓιὸν 495, 03. 737,

5161311 515, 19 538, 17.
00710107600101 316, 14.

ἔῖἔξὲὶῗὶἷὲἷ166’.’1““

O

· 66466466073061916543, 04.

1101610759111578, 6.

· 0018801001 639, 06. 667, 05.

13111144. 111, 1.

⁴¹ 1100116111 574, 06. 564, 06.

’ 1115111011 638, 05.

* 1101161111 400, 07.

Πο1011101310, 00.

111131μο1010 649, 16.

1115311 1111101518, 18. m&
15 014311 1103110311 38, 1.

110311696717011595, 13.

¹ 1103μο 780, 03.

067190101531, 17.

 

