⁶ 003330 406, 13. 457, ’14.

’00660 175,19. 113,15· 516,

15.

0061311110ωῆ( 54, 9.
000190197411116, 19
· 0901671101736, 17-

· 0001143101 330, 15. 60715711, · 09007769101 457, 13.

15· ,
⁶ 011537 137, 171 445, 15.
' 0114311 146, 13. 779,13.
omum: 40. 1·
' 0110914157110141, 15.

‘¹ 0900774410* 47314.

' 090917μ61606,15.

‘ 0703093110 619, 19- 650, 14
3 οχ031101 576, 17.
tumtum 533,16.

16 00060491101 1013 307103 · 103310 719, 16. 736, 30.

0100909094001516, 13.

0117016171543, 13.

‘¹ 01111101 510,14.

· 13 011141 i. 1911901101141148,
14. 49413. 530, 13. 653, 16.

⁶ 0100014611 304, 15.

' 01090τεύ111 305,14.

¹ 079410 141, 15. 663, 14. 693,
1

111ρο1477011 197, 16. 3641. 433,
17.

01913109 537,15.

0190716671 156, 11.

oda} 77, 5.

0011143010 375, 10.

0ομ103110 301, 15.

0091090369111579, 16.

’ 007011131940 113, 25·

' 0901401401 195, 1.

³ 11ομ0107700 504, 5.

00719097 όν 495, 11. 317, 11.
0010391ῖ1644, 19.
0010191144111 107, 3.
00101019014101 641, 11.
0011111131 134, 15. 601,10.
0010010190109131 349, 11.
00109011061605, 10.
(1010φῶ1679, 3.
001610034110301649, 1.
00111109315001 339, 3-
0011409031111 314, 71.
00511110001111451, 9. 511, 11.

. 1 1.
0017101017ομ60 633, 14.
00111310011716, 6.
00177170041360, 1-
’0013011114111 537, 7.

001071010131 647, 11.
0131111100 671, 17.
001131ομ61735, 14·
3 0011οχ011111646, 17. 745, 14.

, 1’009700111017581 26·

' 009111113517. 139, 13. 311,13·

’107391ομ151 760, 11.
*1137101901 643, 13.

' 1070003116* 371, 16.

' 1071169101 171,17.

’ westre 714, 15, 75113
10090931170 390,11.
1001107161 401, 13.
10015010101310, 17.
1070115001 693, 14.
1117107161101779, 10.
111979164111 434, 1. 591, 7.
111101110301 109, 11. 111, 14.
‘ 1111511101 141, 13.

’1111049 17. 1391313315
137,13. 439, 30. 751, 15

' 1111640301 137, 13.

«1971116001 551, 1.

119μ41001ς353, 3.

' 1119091130 113, 13. 371, 13671,
14. 710,15.

*1407709114 173, 13.

’ 141710909611171456, 17,

’ τζαγράιορες 104,“16. 77417.

*14071901034101 714, 22. 711,

¹¹ 1431144111 103, 15. 41514. 453
13· 753, 13. 313, 14.

* 1413110710 103, 16.

3 1461101331, 15.

“ 140140914111 674, 17.

⁴¹ 1410634111 549, 15.

¹ 140330301157, 15.

3 140310 397, 19

’ 140010303471111 193, 16

*1401009101 656, 16

3534ζῖ34373

43515ῗὲ154054 1. 071, ι.

1014977011 439, 1.

101097061111 113, 11. =

10000149137001535, 7- 4

*11714301 139, 14. 1041435 ³
1 .

Δ

 

