2 .
*1171911600166416 711, 14. 0
' 11677111 496, 13.
1167710011 606, 15. 779, 11.
1177111116 477,14.

111117 ·
3111117011131441, 15.

311111133711101 505,14.
3730701 466, 6 516,16 6169
3701167011 611, 10

· 1011139111 47,16. 141,11. 143, 334111 36, 6.

0

16-
’1171109043171901 519, 11.
341,14.
1161111101 699, 17. 619, 15.
*11011 31457, 14.
* 1169311 354, 17. 74617.
‘ 1031101190 114, 14.
* 1017110131 601, 16.
' 11111301 567,14.
' 1101114011 444, 14. 716, 16.
* 10011901301 456, 16
* 1101916001 117, 1516716 311, ⁰
2 .
*1409069111 75, 19464, 13.
” 117οἯ711187, 16. 113, 31. 466, 3
1. ,1 .

· 110190170101779, 14 .
3111111131
⁰ 1100010630 141,1.
· 1101390170 13913.
⁶ 1073671111619,
· 19130111 513, 16. 43717.
ο1191736131101 91, 15.
*1193711011 766, 11.
1910791661 697, 11.
1911716671 107, 1.
33433ἶῶ43ἳέ ²³·
11311090976331 611, 13.
11311690963114 814, 11.
10105307341636, 3.
1111ιὰ111111 14. ⁵·
11111111, ,1
· 11013117131101641, 13.
· 1119137101 456, 16.
1111111111·
0 307119ρο1170131173, 13.
3134111111 173, 6. 396, 16
¹· 3091331 661,13. .
· 31301117 396, 15.
hwwwm&
1111111

3

t

² 10 111161 1414311301 183,17. 4371111011

fi
0
6

31191167, 15. 149, 19 157.
“'mspfflfflffl2
36770139. 36701 71, 17.

· 3077113671 613, 16.
· 3071110141 73, 3⁰·
⁶ 3071011311
· 30093110
· 3000139101457,15.

6 3093101101 101, 19.

· 31901160671111 317, 11.

6 7070911113 346, 13.

15.
15

16,

7077111161 116, 16.

‘ 7077116140790 111, 15.
· 7077367101 171,13. 430, 15

71371000 759, 14.

· 76710311 35711761, 11. 764,

16. 77916.
70634111 416, 15.

7140133611 156, 17.

, 7111336901 367, 1.
⁰ 70191761110 367, 15.

¹ 7011161910 759, 15.
7011139101675, 1. 675, 9.
709301133411701794, 5.

fflmmss
7031111161 157, 15.
7070016677 675, 11.
71111390 344, 19.
70131111 367, 16
7110103310 740, 16

713110 507, 17. 651, 15.

7113301910 191, 16.
7009110731 176, 11.

717130κῆ914 769, 1.
μεγαλωσύνη 691, 5.

119116 61,1. 374, 11. 404, 11.

6349, 17. 550, 16.

731111 i. q. 0311111 149, 16.
333119ος i. (7.33131116901131,

11.
739111 147, 15. 576, 11. 591117-
pensitam 7319.

7100713314 649, 16
7111707φοῦ1 413, 10.

7110791771134111 361, 14.
716101673111011595, 11.

 

