0000066505 5550550060 605, ιο.
5505550565 ,5.
55605555 ἵ08. 56) ⁷
0006600500 586, 5.
¹ 000500605565 585, 57.
* 5506504555 65 57.
προμήθευμα ,3.
550ομ4655055 645, 55.
0000605545 580, 5. 795, 9.
προοπτᾶνεσθαι 30, 58.
' 5500000055 ἰχθύς 576, 59.
' 00000655506 75, 55.
0000055050555 505, 55.
προσεγχρῑψαι 759, 7.
προσεμβλέψαι 578, 5.
0000650655 585, 55.
55000505756400605 645, 55.
5500055550065555 745, 6.
55000096050805 563, 4.
5500055056505 575, 58.
75000494606434774.
„gerulum 7754, ²2⁰3.
4000005540 50550050 505, 55.
..5500045575 ,.
555055 5 . .
πο15550075045554537ἲ45. '
0005556550505 350, 3.
5500550γά555 56, 5.
510555ομ605050 855, 54.
5005050560505 350, 50. 437, 5.
55055506077055 798, 53.
“ πτερνιστηρίζειν 368, 55.
πτερνοφύλαξ ὄφις 390, 55.
5557560505 66, 59.
5557566575 855, 50.
0557506055 5856060505 709, 7.
5555056555 754, 6.
‘ 0500056405 406, 55.
’ muner 688, 54.

⁴* 0066050750 356, 54. 5 9, 57.

· 406705 86, 59, 387, 54. 389, 55.
965 3⁰¹ ⁴32, ²⁴· 8855 27· 6905

5 46065573667ἶ157. ⁷

' ' 0600505 786, 50.

' 0080600 755, 56.

' 00564055 674, 55.

“ 06750750 505, 58 450, 53.

¹ 007650 75, 57. 90, 55. 530, 55.
375, 56

⁶ 0557756050 534, 56.

' 055556Μο505 530, 55.

* 0055066505 567, 55-

' 066540 787, 55.

· 0555666505 569, 58. 593, 56495,
55 ·

0000565555 66655ος 357, 54.

0000060700 35, 56. 63, 6.

0005080010 475, 5.

0050605047)οκ 566, 3.

058005050050055560 593, 50. 604,
2.

06505505 za 065 0655550565 306,

· aaa 86, 59 554, 57.

05655550 575, 5.

’066505 358, 56. ,

‘ 0555065505 786, 22.

⁶ 0555065505 559, 54. 439, 54.

5530860775 550, 6.

· 070575 308. 07.

ειζῖἓιρῗῗυῗκ8ε5ἶ62533, 57. tq.
67555005 554, 55. 755, 56.

’054660 ,555, 58. 444, 55. 465,
2.

oxaluluor 455, 55.

0507586675 795, 54.

' 0550ομ65· 505, 57.

0555500545 854, 8.

* 4600 589, 55. 588, 54. 530, 53. ’055 5506505505 350, 9 358, 5.

54, 56.
0505756065 855, 60.
04χο 687, 55.
77555554 505560 555, 54.
44 5555, 57. 533, 58. 555, 56.

· 05 0605787, 55.

* 05556005 i. q. 6005503505 540,
57. 475, 56. 858, 55.

‘ 0500560505 543, 53. 503, 54. 493,
56.

¹ 0555560505 557, 55. 396, 53. 493, * 0005563505 758, 56.

56.

* 05505960 786, 58

* 0650 75, 55. 486, 22. 467, 53. * 056505 5. 0563600367, 54. 4185

565, 53. 588, 54.

’00706555 75, 57. 558, 55. 558,

54. 433, 56. 467, 55. 475, 55.

560 55·

56. 466, 54. 467, 54. 675, ’ 00556005 543, 57.

57.

* 07567555 88, 58.

 

