INDEX VERBORUM.

Ι

(Quae asterisco notantur, in 10161 quaero lectionibus)

6706009060 4, 7. 568, 3.

11711θὺ11111 58, 13.

Ἀγγελιωνυμία 605, 8.

ἀγεὶαιοκόμοσ 590, 00.

6710107104 350, 03.

8710117011 05, 3. 143, 18. 814, 0.

8911811011 799, 6.

67101140008111040, 1. dyam-
01106111 48, 16. 504, 10.

ἀγκυὶιζόμενος ξίφος 750, 5.

ἀγκολορρόοο 053, 05.

(1740090141 584, οο.

Σ 65556078666151707, 01.

*ἄγου sc 304, 06.

Σ 347916)χο19011470314617.

ἀγᾷθίἱοζῖςῷπ, ’1. Ι

1360ομ03677101657, 1.

ἀδεεσῐάτως 616, 03. αἶσχίσῐως

413, 0. ἀληθεστέρως 440, 17.
dotum: 80, 00. 111,4. 00919.
053, 7. χειρίστοις 100, 03. 336,
10. 373, 03. 503, 17.
ἄδελφοηοιησία 740, 07.
οἷδιαλώβητος 8, 01. 361, 3. 604, 15.
⁴¹ gjmffl 351, 07.
* 661611901101380, 0 . 396, 09.
’1361οη94101 136, 0 . 041, 08.
640, 03.
111111111111140, 1.
' 6811909401 lam» 579, 30.

46111111 611οηί1111.

 

' ἀδιάφορος ἱ. q. φαῦλός 73, 00.
84, 31. 88, 06.

681611100101 710, 16.

&mamm 636, 16.

,18111111γῆ1 595, 11.

61911161 443, 10.
13190βοί7101 105, 13.
84911011 604, 6.
93446636 338 ²¹·

‚ .
Αἰγοιοπελιγῐῐαι 101, 15.
0671186611 61131611μο 739, 6.

‘ 111711011308,04. ‘

* 014110 ἰκτης 184, 09.

1181717 όν 86, 11. 703, 4.

ἀκαταγοῆτευτος 58415.

6001609701ος 730, 13.

61010016910101 160, 15. 707, 16.

6117611311 πνεῦμα 403, 3. 704, 00.

16101104 104, 10.

81109011 1103111110 800, 18.

⁴* ἄκουμβίζειν 171, 06. 719, 07, ’
701, 07. 700, 06.

*8110611810μο 406, 08. 547, 05.
666, 08. 709, 03.

* ἄκουμβιοτὴριος 171, 06.

Ῡέὶὶἷῗῖῧιῗὲῗῶῗψ.

* 6810011111363, 04.

6341111161 430, 8.

16 ἔλληλένδοτον τῶν 11941101 7,
1 .

immotos 760, 01.
50

 

 

