11116171111855 18. ’1191919111 1,13.
11116177111611691 55, 8 1191961177114517.
’1161111 351,15. 431,16456, 1191711441399, 11.
16 513,17.’111919697111 383,14
’,1111119611163913Π19168119116ὤηὸ- 144, 11.
’111196911119114393 1. 551,1
1161117111 11197111 698, 15. ’11114111 711, 14.811,15 8361
’11116111111 575, 31. 15.
.·1111111579, 19 ’ 1119116161· 118, 14-
’111111161 395,17. ’ 1119169111688, 19.
11918186,111785, 17. ’ 1111911161 11114711 453, 15.
11191171 71117161 141, 11. 563, 17. ’ 11ε111111114,18.141,15.
11917919911411911646, 15 ’ 1117766111 11815. 396 31.
111916111111611 199, 11,315,1.176111111711577,1.
411,16.’117769171384, 11.
1191611161111111 14,13. ’ 11111161891117141 155, 17-
’111911411711111141411,17Ι 658,15.
’ 1191191111117111111 413, 16. ’ 1111611111 571, 13.
111911176171414, 1. ’ 111191173714.
11911617111418, 13 ’,111116411535 16.
19911716791911779, 13.·11161911646, 15.
1119119114 114, 17. 139, 16. 447, 1111911116171915.
17. 756,16 1111μ11194119198, 11.
παραναλέγεσθαι :mor 119,116179111749, 16
15 34117. ’11611711575 15
119911191411611168,11.191, ’ 11161176ς 57416.
14. ’11619161111787 17.
’1191169111 111, 51. 698, 15. ’11641 315 16 511 18741, 14.
1191111891116481 11616 75817.
1119161534, 3. ’ 117 96911 668, 16.
[1991119111 166,11. 175, 8.· 16 9111111616111 111111 161
131, 9. 11111111 3989.
,’119196117111171 156,15.114εμ171949436,9.
111911919161111337, 11, ’1111141611 131, 13. 581, 18.
1117611114711911 536, 17. 839, 111111961616
·111111796111111117,15.818,
’1111111758 15 7591319.
’1611711713 17.19. ’1191116811 58417.

⁸ 116111996911411,17. ’16911519 1ο. 811, 15.

’πεζεῦσαι 674, 19. ’ 11161111 141, 13.
’1641111169,1.7’1967711 631,18 655, 17.,117,
1141696711141715.
’1191161111171916 ’πραγματεία 1111816419
’1,191111111663 13119111119111699114191.
’1191111111 &r 6116117 484, ζιρ119611111111174,17.175, 19
13 19161116 11711111 691, 14.
’11911611771151815 ,74,15 19161119711349,35
815, 14. ’11691811 47813. 576, 17.
11911111111111411, 8. 119 67117111 596. 67, ιο
’11911917194111 39, 11. 666, *5919161111173916
16,·196711611147, 13. 53815. 817,
’11911917194117111169,18. 31.
119199177116195,1ο.161,11.19161191134619.
5111966316 1914691111 534, 3.

Q

 

