61201060115161 306, 9. 6173111011 632, 17. 7925.
6611111101 πρὸς 141 69741 ἰ. q. 817ομ115σ111675, 23.

ἄξιος τῆς ἀρχῆς 67, 6. 285, 5. ' ἐκκαστρίσαι 340, 25.
612101106711100 1606977141 166, 2. 4116711011 542, 22. ¹
δικαιωτικός 306, 26. ἐκμ7κίζεσ601 733, 9752, 16,
61ομ631σ11604, 4. 8171711111 425, 12.
6109761 704, 22. ἱιξιφίσασθαι 444, 10.
6111401161101 710, 26. ἐκξιφισμᾰς 815, 3.
6111361711 329, 26. 8110οσ16171821, ι.
⁸* 61061111 784, 24. &antonomum 425, 4.
‘ 61σ110110149101 758, 23. 788, 8111110111 415, 3. 789, 23.

23. 81101061 821, 5.
* 611ζίρισς 636, 25. ἐλεγμός 242, 3.
* 6611111011 750, 25. 6114111604, 15.
60214116μοηα 213, 6 ἐμρρίμησις 750, 14.
2' 056555155’;Ζῗ15’ἑ.551 111, 44ῗὲ5ζέ4ῗῖ 641 2⁴0:

26. 810, 23. ἐμπερίωμος 247114·
* 6026919011 713, 25. 4111767010503, 16. ,
6071711119 66, 7. 6711103111 σοφίσμασιν 793, 6
60111160101576, 17. ἐμ16927011629, 19.
6040679161650, 19. 4111091110( 404, 19
6οξοαανεῖ1 713, 17. 61469111μο 19, 1.
6096909101 73, 10. 155, 8. 266, 41761001 754, 10.

14. 580, 2 . 81301161 578, 19.

6061101110 600, 20. ἔ11111 79, 1. 328, 8.

6011161111 89, 25. 539, 2. ⁶ 8110164106111 561, 29. 609, 21.

600111κῆ 6774 113, 9. 523, 2. 8116001οσ11582, 18.

“ 6011360 197, 26. 642, 25. 674, “ 810χῆ 268, 24. 422, 26. 427,
23. 26. 584, 26. 638, 25.

* 690171011μονί4111 188, 28. 41001116001635, 5.

6901116111μο 735, 15. 810103116106111 57817.
6916109110 661, 4. ἔνσύσσημος 246, 29.
6069711101 824, 19. 81191111 σχοινία 287,19.
600076061111 191, 6 811171816001 53814.
600616111101497,5. Quumque! 441, 12.
60041010101 389, 9. 422, 7. * ἐξανασκᾶψαι 72, 25,
61127631101753, 18. '¹ ἔξεικσνισμός 594, 15.

371117τεῦ011 695, 26. ¹¹ 4506160111 127,27. 467, 25. 481, ·

9555561555144015921524π29.264, 29. * 6267665505. 4561111617 75, 21. 428,
¹* 3721964111 272, 25. 25. 481, 28. 630, 27.

⁴' ἔγκρασμα 297, 25. 433, 76. 674, * ἐξόμπλισις 630, 24.

22. “ ὲξσμπλισμέν7 607, 24,
* 8711111171μο 262, 27. '¹ 8507011301ιό1 114, 28.
* ἐγκρυμμαῐῶδης 813, 25. *85ορ160011634, 25.
“ ἐγλιστρᾶν 759, 22. 44016617μο 598, 7.
* 3731160111 342, 26. 451, 25. * ἐξστραμρουλισ711101 738, 16.
586555Ὶίζὲ '³⁷0' 8818218813. ,0, 24.
⁶ 1311110111 6111040 388, 9 453, 15. 4111111714111638, 15.

470, 22. 6101611101 498, 17.
* εἰσοδῆμαια 574, 25. 787, 28. inararem 214, 12. 618, 2. 809,
“wiseraa 719, 5. 13. '

 

