1101031741111855, 18. ' 1119 111911 351, 23·
0011607701 140190 55, 8 1191171807711145811·
‘aanor 351, 15. 431, 16. 456, 11191711341399110·

16. 503, 17. · περιψόφησισ 383, ²4·
’110101196117163913 1119σά97171 116, 15. 144, 11
· 11019187101019, 11. 43913. 551, 1.

1161007101 1117701698, 15. ’11114101 711, 14. 811, 15 835
’10116100001 575, 30. 15.

ι’ 1106111579,19 ' 11119018111118.14·

· 1101101161 395,17. · 0119116901688, 19
11090411764111 785, 17. ' 1111911161 11014710 43315.
1109071171007161141, 10.363,17. ‘ 11101101 114, 18. 141. ²⁵·
1109079071μο1101910 646, 15. ’ 1117766101 11815. 39631.
11090611001140 199, 11. 315, 1. 17603100710 577, 1.

410, 16. ‘ 1117789141 384, 11.
παραδυνᾶστενσις 14, 13. ' 1110111601. q. 11017141 155133·
· 11090407100141411, 17, 658,15.

‘ 11090100101107101041316. ' 1111611101 371, 13.
1090107619 414, 1. · 11110911 737, 14.
11090161171101408, 13. ' 1110116501535,16.
1109ομ67090 779, 13. ‘ 11181910 646, 15.
009071014114, 17, 139, 16. 447, 011071011161700, 15.

17. 756, 16. 1111ομ010941119 198, 10.
110901018710801 1481116011 109, 1111607910 749, 16

15 341,17. ’1106017101 575151
109710091410801 168, 11. 191, ζζίᾖελζεξςὲ 574816.

. 1 , .

· 0090169111 111, 30. 698, 15. ¹ 1106έὲ 3315,0364531,233.748 83

11090010690111114111106,16 , 7.

1109161334, 3. ' 1107176901 668, 16.

1109401461 166, 11. 173, 8. ’767731101οὕ161111016118
, ’13043448037111114116615 1104341οοῖ6943 ξ4361, 9.
10901179011111337,11, ” 0010150601 13113. 581. ¹² 4
1100761101 14711901 536, 17. 839, 1107117961 6,16.

11. ' 1101107961800 317, 153131

⁹ 1113101758, 15. 759, 13. 19. · 1

, ⁰ 1114101710 703, 17. 19. “ 11091101161100 58417. Ι

1116130996901 411, 17. ‘ 116910 519, 10. 811, 15·
‘ 1114115001 67419. ' 1108110 140, 13.
‘ 0141001169, 17. * 11ρᾶ7710 630, 18. 65517. 7171
11140694001417, 15. 11.
’1119106100171916 ’πραγματεία 1111816419 ’
· 1119101101 663, 13. 1190009101 0199101419 1.
*1091101111 ἐν 8036007 484, ’191100101741717533
13. 1191801 u) 11070111 ⁶92, ²4
‘ 019108107710508, 15. 774, 15. 11906109701349, 3.
805, 14. “ 1190630 478, 13. 57611·
33344414343444411461398.. 11. 666, 3464646634ῗὲ 5833le
16. · 1196710601 14713. 53815· 3131
· 1190917191ομπο 6918. 30.
11919907μοῡ195, 10. 161,11. ¹ 1190661910346,19
511, 19. 663, 16. 1901691000 534, 3.

Q

 

