’1150338717147,75.1,43 78. ’1111ιᾶ911111 109, 25 212 25, 428,
κ’11711133111113111148,28.142,28 24. “
490, 4. 674, 25. ’11111111041131111 132, 27
’1111811344111111111470 24.11211119611111111628,3.

’ 207113361101762, 1. 497, 18 11111161191111757 21.

10711919111262 26. 11111111171411111111 311, 1. 389, 5.

’ 111341081111,19. 240, 24. 295,18. 111111971117521. 101,27. 103,
. 111187601113871111696, 15 27. 224, 264 67, 27. 4,74 23
³ 11118011069717011· 408, 25. 12110110179266 2ο.

’1101111317101149 4, 24. 11111016119111 137, 18. 167, 20.¹
’ 1111167410101764,25. 337, 13. 646, 8. 773, ¹9· 748
’ 111131171691011478 23. 786, 24.

. κἀλαφ11114111717,22.4 · 21117777179111 275,1.278,18.

1123140171111524, 1. , . ’ 882,5.

”1111311197113111101232,28. “ 1010077211111160314.
’11113171171116118925 ’11111οῦ11186,28. 1622549179
’111111111101377771111111111111121175411471.
’111136191711779 27. 4 .
’111141111311131111622,26.Ἰ
;,11111111’911139, 23. 4611, 28. ’2161111301 190, 25.
’1201196111187427 11100036171551, 12.

11117144ώὸ71282,8. ’1125711842 24.
’111171111114411170929 ’211071071517507 25.

n 1114111111 110, 26. 210, 28. 489, ’4151400266 rimor 367, 25.
23. · 1 2
’11111113647741926”111433017 465, 23. 667, 25. 45,

1111113110178, 11. 632, 20. 29.

‘nausiator 171, 29. 328, 25 352, κενουργῆσαι 115, 25

24. 786, 71. 76 11111611μο 659, 9.

’111111111111111112225 1119134111 997

’11111106141173723 ’21914667112527 422, 26. 605,

1119143101 90 24. 224, 26. 426, 27·

24.*111916311111 712, 23.

’1139800101 406, 247 733 24. ”1111211311901111 202, 28
111141131611111474, 16. ”11111711311111116111197, 2431826.
1169107101302, 8. 664, 77.

’1090014410511 799, 25. ’ 1111711301411111 268, 24. 429, 23.

’11111101116131625 5842564425

11·1111116111’237, 26. 563, 28. ’11191144 i. 1713977761 101,.24
11731111 ί. 1711014 564, 1. 7545. 376, 26. 388, 25 505, 27
κασῐελλᾶνος 117, 8. 118, 1. , ’11313111139631
*1111111111371117191772111117160211.’

24. 561, 24. ’1131401090 112, 25.

’ 1113111701 112, 28. 863, 27.’11117411810,24.810,23.

20108111114111505, 5. 1131147141101744,16,

’ 1111661611 556, 73. '¹ 1130073401 565, 22.

’ 11111361011631, 74. ’ 1131711011 688, 24.

211280117011 345, 8. ’ 1146401 61675.
’111120996101835 27. ’1140111401 397, 24.

’1711111111κέ 11311444, 24. ’ 11].1114610119427, 396, 30. 675,

’110113361171 157. 24 639, 22. 29. ι

’1111111716710411484.26.111440113510.

’1111011412ςί q 436113115224. ’7202111617ς7,7926.
11111211111111161118,21 42318. ’156711110ιί 9311136111 38, 28

 

