' 1110103110 166, 15.
' 4101013160101146, 13.
4007794111111 811, 4.
4111171014 616, 9 658, 11.
4111101115μο011 335,14.
404713071μο 787, 3.
411171691714000601 311, 11.
1017170100οι 515,16.
4010107111 79, 19
411130467οκ 135, 11.
4111611ρᾶ101 01037· 146, 10.
4011010114101 540, 1.
411116ομ7μο 631, 9.
41111901ἇ17101786, 14.
4111117671 31,1. 110, 7. 411,
' * 433010110101 013101 338,161
4010101611111467, 14.
4110148101· 193417 536, 8·
4010016907101 113,15.
4111017ρά710μο 561, 4.
171111710141177, 13.
40110901 maliem 51917.
4011907700 755, 14
ἕπωκόρυμβος 333, 13.
⁴¹ ἱπτάιρουλος 333, 14.
491103οῦ0301 184, 19.
491111711161640, 1.
49089004101101 791471μο 66, 11.
4911116110 807, 11.
41019111397110 348,11.
ἱταιρειᾶρχης 313, 1.
311904677011 774, 1.
31196171101 345,1.
ln 101 ln 573, 8.
31017009911141 191, 8.
*1111101901 i. q.. 11161 119, 19.
·ξ1.ῖ.’1ἰῗ.·,1.”ξ;.ἓ3, .,
0113077141 339, 16.
compactos 601, 7.
344461ὖέ18ἔῆ ²⁶
333333333410315333, 1.
4967109101 93, 7.
* 4711017110 779,15.
4170111041 510,11.
47691110κό1 371, 4.
37371110 3 q. 1117010145, 16. 68,
1

· 41441111 433, 19
'¹ 4670101 433, 16.
· 40769101 600, 13. 688, 28.

· 4477901 174, 16.

407194το900 104, 16.

' Ζο7194 i. q. Αἷμος 103.3ι
487, 16. 488, 33. 561, 11. ιίς
15

’ 40314111 368, 16. 505, 25

· 4111141111 579, 18.

’4745911 719,26. 736, 30. ξς

4037113901 433, 16.

4001109070ςὸ1, 11. 545, 13

μεθ’ 4714901 386, 4 576, 10. eff.
10. 700, 14. 845, 15. πρὸς ψ
9111 793, 11.

θαλασσοᾳυλαιεῖν 117, 15.

80019041371011 376, 9.

810190710141375, 18.

01100104 619, 10.

amoc 0 1196ς11019ός 4894 561

ι1 01, 0 1011010111
6. 660 10.

617110113710705, 19.
8161111100 91, 18.
&eudilanus 691, 11.
· 6101011171330, 15.
81096100101716, 8.
619000014910 719, 3.

. 00110061 10113-

611191ῖο 511, 8.

87910706μο1 100, 14.

0791131ομ01 801, 18.

6790107111 161, 13. 647, 17.

84001 ’1 q. 0111 189, ²2·

6911006771 753, 18.

60701960011613, 17. 676, 1.

8106117160 433, 14.

’17731110 611, 4.

4443344141, 1,,

' 3190111 31714. essm,

’110111έ9771 514, 4.

’1101109740 817, 18.

⁶ 3171 509, 11. 587, 19, 39716

3,1 .

3141111351, 10.

1073471101 318, 10.

2111100111 511, 14.

* ἱπποσελιακός 680, 14.

* 10110 65616. 2²², 1581415

¹ 4010970111 i. q. 1600140111 431,
13 433, 11. 553, 14. 381, 30

⁴ 104013091061 37, 31. 710, 13.

A

 

---

