*1111914011 664, 17.

⁶ 10144111 142, 29.

⁶ 19070161761, 23.

7977714141 389, 24. 452, 27. 759,

⁶ 1907174411 583, 22.

⁶ 19111101109140114111101357, 23.
19109μ41101 ναῦς 223, 24.

Τ 9144114404 i. q. Σέρβοι 23, 4.
191444101539, 23.

⁶ 1917094461 798, 27.

1941190101 0114417843, 15,·

‘ 1910081 4101 44, 19.

⁶ 1910114111 555, 25.
1901010074710711 375, 5.
Ξρῖἔέζΐιόνρ 3564384181ῗὲ 436, 23.
1909414910 729, 3.

1141110 61, 2.

⁶ 111171λῶ1111 380, 26.
0406114001 704, 30.

ἰ 0401011411 109, 3.
864444494517348, 28.
61070910141 282, 13.
611011101014144111 161, 22.

⁶ 14110114 329, 24.
610970944111011 6944 349, 20.
61194111901 576, 16.
6111911741111408, 23.
6019104077μ4101706, 17.
141191064011164, 1.
1411971711064101 722, 12.

61190991640111 βλέμματι 724,
12

1411191147μ149111 66, 11.
'’3³⁰3'02⁰.⁰.”1.‘{?5‘.23⁸’.² ¹·
5150115414μ1001 3934 24. 704, 25.
14110μο119141111811, 25.
ὑποσκυζομένῳ 1190014119 724, 11.
ineundum: 53,13. 496, 13537,
⁶ 4171601071κᾶ 70111114 794, 45.
1011111111·

⁶ 14451411401117 614, 27.

; mxv 479, 23.

⁶ ⁶ 485814449144489, 1.

,ἰ 4543344433

⁶ 1911011411 778, 25.

9111110141 603, 16.

9175714911 605, 26. 630, 25. 746,

9114191417, 15.

71914447401589, 12.

9140444101 590, 2. 641, 14.

914011ξῆ4 84, 6.

91410179400101641, 14.

91410061101 590, 2.

191401477160101 76, 6.

9144390101533, 6.

9140101061011 376, 8.

⁶ 19414μο11401 47, 25 143, 25.
202, 25. 490, 11. 614, 25.

⁶ 9104194001 132, 26.

⁶ 9101014977μο 348, 26.

⁶ 4101009741 15, 11.

⁶ 714111 909141 i. q. 61104 459,

⁶ 45910411 390, 27.

⁶ 17100σο4101 161, 24. 470, 24. 539,

⁶ 1450948174111112 759, 21.

’9009144111 374, 29. 384, 21.

*4359186ομ41 380, 27.

⁶ 1900010441 553, 26.

11411111...

9111904001 553, 26.

χαλαζηδόν 104, 22.

⁶ yoeldm' 306, 25. 428, 27.

⁶ χαλασμος 670, 24. ¹

⁶ 70400169101 671, 24. 753, 26.

⁶ 7484402171κά 82, 26.

⁶ 77041νᾶ9101 142, 24.

*χαμ111144414)11101 149, 23. 269,
25. 353, 30.

⁶ χομ11174141 565,21. .

⁶ ,7011141101 544415. 706, 25- 821,

⁶ 41349074 522, 25.

⁶ χ491ιγξ 231, 25.

4343ῗῖ343313 31.

⁶ 7014111185, 25. 379, 25. 444,

ἔξ.. ⁴7⁵? 2616542 2⁹· δι 9

10111111·

⁶ 45431844001115637422

⁶ χι 17 142, 24.

⁶ χο1907114149101 537, 29.

⁶ χο91041111 837, 23.

 

