1

1

619611666161 1161711616 661, ιο. ’9641616716 81614. 59 67.
προευ7161911159917.’96676186,,.19387,.364389,65.·
προηγός 198, 66. 96, 36 431, 64. 445, 67, 496,
προθέσπισις 6861 ι.ο 57611. ·
1196116661111585 27. ’9117111367 67.
’661961191ςὸ 67. ’ ’6646161786 66.
προμ48111μα ,8 ’6696119671966
1196714611711641, 16. ’ 66714111 674, 65.
11966611171686 1. 795, 9 ’ 66716716 161, 68. 416, 13.
π966111611686136,18. ’ 667116 71, 67. 9ο, 65186, 65.
;π961167116“1 1771111576, 69. 37,6 63
’61966111116175 61. ’ 6677169111 634, 66
1196661619111 561, 11. ’ 61111169161536, 11.
11966177914111719, 7 ’ 6616111111 1675, 65.
6196617191196117 8, 5. ’ 6611411787

1196611146 586, 16. ’ 661661161369318 193, 66495,
11966111716416861641, 66. 65. ·
1196611199111111746, 6. 66191611116661111317 64.
11966191116811563, 4 6119616716 86, 16. 63, 6
119661711161575 18. 6691696916 471, 6.
119661611664314 661 96111147)611166,.3
’π 98666691617, 6ο. 61966161961691161 598, 6ο. 664,
11966111611111764, 63.
προστερνίδια ἐρύματα 601, 11. 66191161161111 6411161151366,
’119617716164659 16. 8.
119671191611436, 14. 611686 69 164, 67.
’1196161116117 ’86 64.635,16. 61111116175, 1.
π961667194111 537,,, 6111611358, 66.
11961116111161316, 3 ’6111611111 78616.
1196111976111 16, 6. ’6111661161 169, 64. 439, 14.
119111671661619815,14. Σ19969771 166,6
6961616169161 356, 66. 437, 6. ’676141 368. 67
11961166977611798,18. 61716 61669116 46, 64.
’1111911617914111368,15.’6167961.7.6167111183,67.ί..4
11119169111646171139611. 671696161465. 761, 66.
111716916166, 19. 61616 ,116 68. 44,4 65 461,
1117113971816,16, 66.
6677161161 1116969161 7697. 6161111161 411, 61.
111175,96111746. 6167186671791,14.
’116996114111466 15 ’61697141 161, 67.
’1111161686 64 6111166171 85 8.
’666 189, 15188, 64. 586, 68. ’ 611 1166161161 816 358, 5.
54,6 4111711765.
61716661 855, 66 ’ 6161116611. q 6116111661 646,
677 687, 65. 6.7 471, 66 868, 65.
771117 161116 ³2321, 814. 5 6 ’ 6796169161143, ,63. 663 ,64 493,
7 161 671 6 11,1 6
’9111119161 117, 65. 396, 18 493, ’616611116175666
’19611611 16 786, 68
ξ’όγα 75, 61466, 66. 467, 68. 16161611. 6111161867, 64. 418,
61 13. 588, 64 6.4 433, 66 457, 65. 476, 61.
’9671131117 5, 67. 168, 65. 158, 746,17.
8366,4 14. 467, 64· 67,1 6161166114317
67.’6711711188,18.

 

