καιοδστιῖιός 308, 9

natos πρὸς 141 39741 i. q.

ἄξιος τῆς ἄρχῆς 67, 6. 085, 5.

καισύμενος 11004χὴ1 166, 0.

καιωτικός 306, 06.

ομάλισις 604 4.

οργᾶν 704, 00.

πλοκιόνιον 710, 06.

11461113· 309, 06.

δισάκιν 784, 04.
διῧσκοπσιήριον 758, 03, 788,
0 .

διτζέριοι· 636, 05.

66110101 750, 05.

01101σί7001ῐο 013, fl

οκάριοι· 510, 06. 801, 04.
δοκιμιίζων 30144311 503, 00. 563,
06. 810, 03.

6006919011 713, 05.

ομιίτωρ 66, 7.

011011σο00 576, 17.

0408179111 650, 19.

οξομανετν 713, 17.

ὀρυφορία 73, 10. 155, 8. 066,
14. 5811, 23.

humera 600, 00.

40011610 89, 05. 539, 0.

rovum} ἀρχό 113, 9. 503, 0.
δουλεία 197, 06. 640, 05. 674,
03.

' δραγουμιινίζειν 188, 08.

&omnum 735, 15.

3904109110 661, 4.

311697111ος 804, 19.

δυσαχθσῦντες 191, 6.

Medullum: 497, 5.

&noritonam 3399431, 7·

6107311101 753, 18.

ἐγκλητεῦσαι 695, 06.

ἐγκόμβωσις 591, 10.

“ 1710006100 000, 09. 084, 09.

’ 3711964011 070, 05.

* ἔγκριισμσ 097, 03. 433, 35. 674,

2

⁶ {stema 050, 07.

' ἐγκρυμματῶδης 813, 05.

* §yttamar 759, 00.

* ἐγλυτοῖσαι 340, 06. 451, 05.
53396351 3.·

* 3403333 31131140 336, 9 453, 15. 41104317444511638, 75,

470, 00.

3118101010 630, 17. 792, 5,
311711711οἷ0οι 675, 03.
' ἐκκασιρίσαι 340, 05.
ἐκκόμισις 540, 00.
ἐκμηκίζεσθαι 733, 9, 750, 16,
3171711011405, 10.
31141171σο0801 444, 10.
ἐκξιφισμᾰς 815, 3.
ἔκουσιότης 301,“1.
ἐκπεριίστιισθαι 405, 4.
31111010 415, 3. 789, 03.
31101051 801, 5.
ἐλεγμός 040, 3.
3101401504, 15.
ἐμρρίμησις 750, 14.
ἐμμανδρεῦσαι 548, 14.
ἐμπερικροτεῖν 634, 00.
370119110μο4 047, 14.
3701467010 503, 16.
3711101111 σοφίσμασιν 793, 6
411114911700609, 19.
37100011104 404, 19
313391071019, 1.
31764001754, 10.
31101151578, 19.
31101 79, 1. 303, 8.
* ἐννοιοίζεσθαι 561, 09. 809, 01.
ἐννόσσευσις 580, 15.
¹¹ 310χῆ 068, 04. 400, 06. 407,
06. 584, 06. 638, 05.
ἐνσακκεῠσσι 635, 5.
310101ιεύ108οι 578, 17.
3106001771ος 046, 09.
Impune σχοινία 03719.
311071βεῦ001 53814.
ἐνυπνιασμοί 441,10.
¹ ἔξανασκοὶψαι 70, 05.
⁶ ἐξεικονισμός 594, 15.

* ἐξσὸιάσσι 107,07. 467, 05. 431, ’

¹ 34063403 4360113117 75, 01. 408,
05. 481, 08. 630, 07.

* ἑξόμπλισις 630, 04.

' ἐξομπλισμέ17 607, 04.

* ἐξομπλωτός 114, 08.

* ἐξοριᾶσσι 634, 05.
5338383373... ..1, ,1.

* ἐξοπόλυιος 78 , 05.
* 3361001001 506, 05. 706, 04.

3110160101 498, 17.

* 1100δῇ71010 574, 05. 787, 08. 3001714101 014, 10. 618, 0. 809.

εἰσρύεται 719, 5.

13

1

 

