α’ποθρίξασθαι 194, 19. 400, 10.

1301000λῖ10 418, 5. 474, 17. 49οἱ

558, 6. 780, 01. 61106917184101 10. 505, 17.

396, 8.
601οκ0901610601391, 18.
το dn 1101011674, 4.

· ἀποκρισωὲριος 81, 04. 045, 03.

6000005110μο 558, 11.
ἄποκρυβή 007, 6. 317, 19 386,
0

1 .

1211031701ρῆοω 645, 3. ·

ἅπολικμᾶν 808, 00.

'¹ 1ἰ11ομικρόθεν 478, 00.

61100001ιᾶ1 407, 03.

0316113010 475, 6. 716, 00.

1311000ρῶ001 63, 8.

* 60009100771001458, 06.

* 8001640060 191 116ομ91 397,
0 .

ἀποτμηματίσαι 050, 7.

&wowonium 330, 0.

ἀπρόΐτος 50, 04. 77, 2· 323,
0

1.

1 13000μῆ810101 311, 06.

1 1300001ξί0 506, 04.

6090090341074, 16.

6110009041 060, 1. 639, 11.

690] ὅθεν ἄρα ί. q. 6811061586,
01

ἑρέμ43010101 790, 07.
estanar 071, 01.
005π61..
’ 0443104, 08Ἶο ’ 7⁸ ¹
* ἄρματωθῆναι 90, 06,
8111813111·
’.84511000447170080 03.
5512333⁴f.3‚⁶:’..¹⁵·
1331338θο11...
* 4440538010101499, 06.
161800,05. 300, 06. 57918.
1 1444731541 707, 07.
0006700000 140, 015510, 0.
uam α 1010170 , 0 .
'¹ 1101101410 605, 06.

4010116101 755, 10.

333ἷὲ4333344..

1300117ρῆ101 730, 18.

ἄσχγιόνημα 187, 00.

aaz λησις 588, 00.

ἀποκεῖσθαι 606, 01.

6161117μο 003, 14. 304, 5. 839, 5·

⁴¹ 6106111101 101, 06
αὐτενέργητος 750, 9,

11616111μο1 485, 9.

1 0610110110νῆ 349, 03.
0161011110ος 033, 16.
6901100101 140, 07. 535, 05.

600110140101763, 16.

6401111051 194, 7. 008, 9· 01519.
044, 10. 071, 05. 074, 1. 093,
0. 300, 00. 307, 8. 408, 4.

6961101011 055, 00. 436, 01. 604,
1 .

60140130611010475, 03.

⁴¹ 6960111101· 475, 05.

13χο 4101101· 151, 0. 668, 5.

’0171414 i. q. Ἀγχίαλος 171, 1.
480, 0. 505, 00. 561, 10.

137780φό017μο 79, 14.

1 6710611111 039, 05.

ἀχὶαδοφοροῦν δένδρον 039, 11.

6770010010 470, 01.

0179116071 088, 01.

318338351331·131

2 8081467401 395, 00. 418, 07.
.650101
⁴· 8161111 304, 06. 711, 06. 701, 05.
⁶ 4047106104 073, 04.
40010111810111067, 13. 085, 1.

336, 16

⁶ 8601171701 004, 07. 03906. 303,

06. 340, 08. 344, 08. 447, 07.
530, 06 745, 04. 756, 05.

*1014600101 051111· 111.

08

⁴¹ 8110660107 ἰ. q. Ἀξιός 666, 06.
’ 173001μο111 031, 07. 033, 06.

*13011001 140, 08. 156, 06. 307, βαρυαλγὴσας 056, 7. 511, 13.
05. 351, 03. 407, 15. 0· 6011011 1 4006710017341, 06.

540, 06Ι
ὀστροθεάμων 601, 1,
1 130100176πο0 086, 07.
110100φέ104 086, 03.

41101117χο11 017, 16.
4001311611 107,5. 363, 10. 406, 3.

4891 ¹³· 71119· 741118·

8001310141080, 10.

 

