’ 900161491601 969, 96.
· 9901401969101 405, 96. 469,

'¹ 9661190401, 96, 95.
6140010010 360, 6.

'¹ 910114910195, 93. 195, 94. 990,
ἰ 96199989624643942961,96.
165606616666695ᾖ95, 6

6 4414601 590, 96.

¹ 9401401 40, 96. 99, 99. 11499.
144144146614611696 6·
gabaam: §53⁴³ 65 495, 30.

s* 5666666166 111 2³
’6004646501 94295, 6
*6004141111 969, 95. 355, 15.

* 40014401 699, 95.

¹¹ 141 439610 359, 96

Q? 1666466119 10

¹ 4561616 6011910 189,’ 96
66644 661666 ³⁰·

⁴¹ 666011 4976, 96. 666, 61.
411411.141.1,,.η

⁴¹ 6114011111 660, 95. 996, 95.

⁴¹ 4404601910 991, 15.

ἰ 4994ὃ99699990931456, 94.

, ¹ 9146090166, 30. 961, 99.

90400 41 963, 5.

* 9096916901 694, 90.

¹ 96019110 011169 960, 95.
* 9140100111161 410, 94.

κ 3 91916101 149, 95.

'bn-.-

⁴¹ 911104 911104 949, 94. 369, 94.
616 914901 1104 914901 39,95.
64490111 6449001 996, 23. 104111
9949999941994914901 Ι11111911·

* 9111161 561, 95.

* 1410094001 960, 96

91901111 99149010 490, 10.

· 9914910101 690139, 96. 534,
9

ἰ946101144ομ01 656, 96.
414114111491· 1.
9401006691 ³50, 99.

* 90110610 101, 99. “·

’9610101966 94.

· 90111161 994. 95. Ι
⁶ 909900101δὰ410101 93ορ ι
ἶ afflet: ,6ξὲ 561·

' 90101169101 591, 94.

¹ 9010111411901 386, aa
91111191χό4139ιέἒὲἷὲ 3.
ζγὲρέξειν 949, 95.
41111114...
60160411141404, 1.
60411016499101 485, 11.
6111μο16691 ²79· 11.
4041910910 500, 6.
40111114110 3190
Δ61100911 103, 99 193,16 1*
¹ 66611910 666, 99.

’6110441 934, aa

6144016901 991, 99.
6144111011 506, 3.
6101401910 59, 15.
⁴¹ 61441101 99, 94.
614100190911149, 5. 454, 90.
610916911911 501, 6.
¹¹ 6191161610* 999, 94.
6 6990919116111 560, 94. 6
69μο096949101 944, 90.
69110010ιό1 566, 95.
610404161645, 95.
6109101114000601806, 5
6106090110μοί 903, 15.
6106011161599 4.
61019016111 141, 16.
6101996110μο 110, 11. 999, 4,
61016111011404, 19. 69616
6104461109 514, 5.
6199996191916, 5. 319, 93. 32¹
. 9, 1.
610910996001915, 9.
61041910904 839 93.
6199911061 69,· 93. 313. 'J
²29⁸
6109146 160, 9.
6100146101614, 96.
61000160011161 4²², 6·
6109090911141321, 10.
' 61964101 539, ²3·
61110960601346, 8·
61111411 311, 6.
6111100061 349, ²²·
6111910944111 5631 ²⁰·

²* Ἴ·

 

